pos     freq_A     freq_C     freq_G     freq_T
   0   0.077329   0.081255   0.079748   0.761669
   1   0.762145   0.079034   0.078479   0.080343
   2   0.760836   0.081969   0.078201   0.078994
   3   0.081056   0.080620   0.076258   0.762065
   4   0.080144   0.081572   0.763414   0.074870
   5   0.080382   0.078717   0.081175   0.759726
   6   0.078479   0.083158   0.762105   0.076258
   7   0.760479   0.079272   0.081017   0.079232
   8   0.080224   0.082206   0.758774   0.078796
   9   0.078201   0.077924   0.081136   0.762739
  10   0.079550   0.078241   0.078756   0.763453
  11   0.762145   0.078360   0.081175   0.078320
  12   0.081493   0.079708   0.759488   0.079312
  13   0.083951   0.756593   0.080065   0.079391
  14   0.080818   0.079232   0.075743   0.764207
  15   0.078558   0.755443   0.083594   0.082405
  16   0.757386   0.076218   0.082563   0.083832
  17   0.082444   0.755839   0.081889   0.079827
  18   0.077646   0.077884   0.080581   0.763889
  19   0.081929   0.757386   0.079351   0.081334
  20   0.764088   0.077051   0.077448   0.081413
  21   0.077210   0.081850   0.081929   0.759012
