# POSITION WT SITE_ENTROPY PI_A PI_C PI_G PI_T
0 T 1.84569 0.402815 0.124461 0.155627 0.317096
1 A 1.83924 0.373665 0.148762 0.121301 0.356272
2 A 1.99534 0.263455 0.226106 0.235107 0.275332
3 T 1.66229 0.133973 0.284784 0.0680399 0.513204
4 G 1.26987 0.111943 0.037517 0.714292 0.136249
5 T 1.56591 0.167755 0.134521 0.088275 0.609449
6 G 1.00617 0.0458255 0.0592903 0.806151 0.0887329
7 A 1.53884 0.620342 0.16886 0.126389 0.0844098
8 G 1.93708 0.163169 0.346817 0.196684 0.29333
9 T 1.9528 0.222541 0.364557 0.211335 0.201567
10 T 1.96889 0.187682 0.244699 0.234464 0.333155
11 A 1.96697 0.338087 0.2003 0.252891 0.208722
12 G 1.94549 0.171101 0.252693 0.360164 0.216042
13 C 1.89023 0.40017 0.184916 0.272889 0.142024
14 T 1.4248 0.0662236 0.122219 0.14536 0.666198
15 C 1.06256 0.0661565 0.783488 0.0343416 0.116014
16 A 1.64548 0.567179 0.0892819 0.153468 0.190071
17 C 1.47397 0.230817 0.612261 0.043137 0.113784
18 T 1.60516 0.542379 0.0823356 0.284709 0.0905761
19 C 1.95632 0.349424 0.179262 0.222315 0.248998
20 A 1.66951 0.236779 0.142965 0.0817483 0.538507
21 T 1.82942 0.345994 0.136826 0.126465 0.390715
